[4.33680869e-19 1.42248161e-03 3.32579203e-03 1.44807249e-02]
[7.08197893e-19 3.09487938e-03 7.35963495e-02 2.60488521e-02]
[0. 0. 0. 0.]
[0. 0. 0. 0.]
[0. 0. 0. 0.]
[0. 0. 0. 0.]
[0. 0. 0. 0.]
[0. 0. 0. 0.]
[4.33680869e-19 4.64596692e-03 1.05458880e-02 1.59354284e-02]
[0. 0. 0. 0.]
[0. 0. 0. 0.]
[0. 0. 0. 0.]
[0. 0. 0. 0.]
[0. 0. 0. 0.]
[0. 0. 0. 0.]
[0. 0. 0. 0.]
[0.         0.00101076 0.02743306 0.0194345 ]
[0. 0. 0. 0.]
[0. 0. 0. 0.]
[0. 0. 0. 0.]
[0. 0. 0. 0.]
[0. 0. 0. 0.]
[1.06229684e-18 1.19831578e-03 4.87843566e-02 2.15361682e-02]
[5.13593070e-18 5.52931273e-03 5.50719290e-02 3.63037303e-02]
[2.15148557e-18 1.42293765e-02 4.83652135e-02 5.27376872e-02]
[0. 0. 0. 0.]
[0. 0. 0. 0.]
[2.23024497e-18 1.64219360e-03 1.13500894e-02 2.30639181e-02]
[2.66880535e-18 9.75916384e-04 4.87454282e-02 2.75996001e-02]
[0. 0. 0. 0.]
[0. 0. 0. 0.]
[4.01398919e-18 1.36190653e-02 4.91043880e-02 5.61644918e-02]
[0. 0. 0. 0.]
[0. 0. 0. 0.]
[0. 0. 0. 0.]


[1.93149827e-18 3.16919757e-03 4.26772922e-02 3.10448611e-02]
[1.97923902e-18 4.32134455e-03 1.12808194e-02 2.59820025e-02]
[0. 0. 0. 0.]
[1.30104261e-18 8.46713781e-04 5.93177043e-03 1.01871938e-02]
[0. 0. 0. 0.]
[8.67361738e-19 2.60920636e-03 2.72385031e-03 1.08869821e-02]
[0. 0. 0. 0.]
[0. 0. 0. 0.]
[2.71820420e-18 3.72987702e-03 3.36413345e-02 4.04500682e-02]
[0. 0. 0. 0.]
[2.25347190e-18 2.80473215e-03 8.72344993e-03 1.64140058e-02]
[1.28284531e-18 3.35218249e-03 1.62165444e-02 1.94444460e-02]
[0. 0. 0. 0.]
[0.         0.00266788 0.0160014  0.01634772]
[1.53427091e-18 5.67703634e-03 6.49383211e-02 5.75561922e-02]
[3.31365515e-18 1.61860491e-03 2.58875779e-02 2.02061317e-02]
[1.84284830e-18 2.30856724e-03 7.35766162e-03 1.51404728e-02]
[0. 0. 0. 0.]
[1.09713546e-18 2.59241364e-03 2.92639724e-02 3.52998634e-02]
[0. 0. 0. 0.]
[8.17756489e-19 2.19328687e-04 2.49347780e-03 3.79091234e-03]
[1.78482203e-18 3.65108024e-03 6.30698810e-02 5.84960303e-02]
[8.66541538e-19 7.70434074e-04 8.66695094e-03 1.11897509e-02]
[1.13852311e-18 1.23349935e-03 6.21248074e-03 1.26612660e-02]
[1.29565524e-18 2.10218271e-03 2.44962598e-02 2.01751716e-02]
[8.67361738e-19 3.86251975e-03 8.76674056e-03 1.42234117e-02]
[2.60208521e-18 3.04075144e-03 8.91739316e-03 2.14878619e-02]
[2.60208521e-18 1.28906220e-04 4.38097864e-04 8.50499421e-03]
[8.67361738e-19 2.83373334e-03 1.53933503e-02 1.52051151e-02]
[0. 0. 0. 0.]
[0. 0. 0. 0.]
[0. 0. 0. 0.]
[0. 0. 0. 0.]
[0. 0. 0. 0.]
[8.67361738e-19 2.77321786e-04 5.62448055e-04 1.21811032e-03]
[0. 0. 0. 0.]
[1.55696197e-18 1.64629168e-03 1.05492539e-02 1.28876737e-02]
[4.33680869e-19 2.19688937e-03 7.41383899e-03 9.59309936e-03]
[0. 0. 0. 0.]
[1.47423148e-18 3.15965893e-03 9.26095569e-03 1.44749768e-02]
[0. 0. 0. 0.]
[0. 0. 0. 0.]
[3.59283643e-18 4.01256339e-03 3.71505464e-02 4.33026354e-02]
[8.67361738e-19 2.50582106e-03 2.49988171e-02 2.05817142e-02]
[2.60208521e-18 2.40877271e-03 9.92272049e-03 1.73336603e-02]
[5.89692590e-18 4.44694871e-03 1.63269096e-02 2.11006297e-02]
[0.         0.00074213 0.00144426 0.00894753]
[0. 0. 0. 0.]
[0. 0. 0. 0.]
[3.46944695e-18 1.10810623e-03 2.47708336e-03 6.48005679e-03]
[0. 0. 0. 0.]
[3.48929179e-18 7.30642578e-03 2.25002604e-02 4.22132855e-02]
[1.73472348e-18 3.72924181e-03 7.30603633e-03 1.29031608e-02]
[0. 0. 0. 0.]
[4.96370442e-18 1.80108266e-04 1.03792329e-02 1.17214493e-02]
[1.89037108e-18 4.71997311e-04 8.27228287e-03 6.40586111e-03]
[3.17543153e-18 2.49310209e-03 3.32906988e-02 3.64416991e-02]
[0. 0. 0. 0.]
[2.06133732e-19 1.54915122e-03 2.11142572e-02 2.46595202e-02]
[2.74283865e-18 5.17537491e-03 5.94007989e-03 1.61001496e-02]
[0. 0. 0. 0.]
[0. 0. 0. 0.]
[0.00000000e+00 4.96804714e-05 3.02362815e-03 2.73177773e-03]
[0. 0. 0. 0.]
[8.67361738e-19 1.39895827e-04 4.10884619e-03 4.19926830e-03]
[0. 0. 0. 0.]
[1.50231460e-18 7.20611780e-04 2.62867895e-02 2.67794984e-02]
[0. 0. 0. 0.]
[0. 0. 0. 0.]
[4.33680869e-19 4.03653830e-04 5.55783790e-03 5.58432937e-03]
[0. 0. 0. 0.]
[0. 0. 0. 0.]
[0. 0. 0. 0.]
[0. 0. 0. 0.]
[1.73472348e-18 1.70755759e-03 4.72424924e-03 1.17582157e-02]
[0. 0. 0. 0.]
[7.08197893e-19 2.71872018e-03 6.35847540e-03 3.06924335e-02]
[0. 0. 0. 0.]
[0. 0. 0. 0.]
[3.46944695e-18 3.12160701e-04 3.18747759e-03 3.56802344e-03]
[0. 0. 0. 0.]
[0. 0. 0. 0.]
[0. 0. 0. 0.]
[1.30104261e-18 2.99632922e-03 9.66119952e-03 1.53496284e-02]
[0.         0.00533423 0.001355   0.0175982 ]
[0. 0. 0. 0.]
[0. 0. 0. 0.]
[8.34481257e-19 5.27679464e-03 1.58070717e-02 3.01820829e-02]
[0. 0. 0. 0.]
[0. 0. 0. 0.]
[0. 0. 0. 0.]
[0. 0. 0. 0.]
[1.43835672e-18 3.00826028e-03 5.30822798e-03 2.56059538e-02]
[0. 0. 0. 0.]
[8.67361738e-19 9.08777118e-04 1.71023421e-03 4.44360002e-03]
[0. 0. 0. 0.]
[0. 0. 0. 0.]
[8.67361738e-19 3.45459301e-03 9.22957994e-03 1.48525201e-02]
[1.73472348e-18 1.08046085e-03 1.47055797e-02 2.04258114e-02]
[0. 0. 0. 0.]
[0. 0. 0. 0.]
[0. 0. 0. 0.]
[0. 0. 0. 0.]
[5.20417043e-18 1.32911652e-03 8.69434327e-04 9.99407470e-03]
[0. 0. 0. 0.]
[0. 0. 0. 0.]
[4.35008949e-18 4.25602856e-03 3.43970527e-02 3.61854303e-02]
[0. 0. 0. 0.]
[8.17756489e-19 1.19218815e-03 3.76257697e-03 1.38826081e-02]
[8.67361738e-19 1.52736995e-03 5.41188940e-03 8.32251087e-03]
[0. 0. 0. 0.]
[0. 0. 0. 0.]
[8.67361738e-19 3.47816944e-03 2.72920728e-03 1.33548621e-02]
[0.00000000e+00 8.10641795e-05 1.44859776e-04 1.22808367e-02]
[0. 0. 0. 0.]
[0. 0. 0. 0.]
[2.16358030e-18 5.24980525e-03 5.48114371e-03 2.18345018e-02]
[7.06874688e-18 7.74077526e-03 2.41162333e-02 4.71183832e-02]
[5.78233931e-18 1.00761845e-02 1.76828064e-02 4.63951233e-02]
[0. 0. 0. 0.]
[0. 0. 0. 0.]
[0. 0. 0. 0.]
[0. 0. 0. 0.]
[0. 0. 0. 0.]
[0. 0. 0. 0.]
[1.44501273e-18 6.92768757e-04 1.40109952e-02 1.57464614e-02]
[0. 0. 0. 0.]
[0. 0. 0. 0.]
[0. 0. 0. 0.]
[0.         0.0008642  0.0144499  0.02516937]
[6.72750724e-18 4.48973732e-03 3.69242531e-02 3.89731155e-02]
[0. 0. 0. 0.]
[4.74604844e-18 5.07111527e-03 1.81160660e-02 2.51370374e-02]
[3.81619695e-18 8.25506341e-03 2.79824272e-02 4.58496627e-02]
[5.20417043e-18 3.38744000e-03 1.53440423e-02 2.07400247e-02]
[0. 0. 0. 0.]
[0. 0. 0. 0.]
[0. 0. 0. 0.]
[0. 0. 0. 0.]
[0. 0. 0. 0.]
[6.85905052e-18 8.49082368e-03 3.85551406e-02 5.04332188e-02]
[1.73472348e-18 2.07956880e-04 1.53327659e-02 1.56511515e-02]
[5.20417043e-18 4.17225465e-03 1.01350932e-02 3.60148879e-02]
[6.27834878e-18 7.82693771e-03 6.61279491e-03 3.68006557e-02]
[6.54205191e-18 1.86989059e-03 7.30856558e-03 1.42366435e-02]
[5.81125172e-18 3.85750412e-03 1.62029826e-02 3.29872885e-02]
[0. 0. 0. 0.]
[0. 0. 0. 0.]
[0. 0. 0. 0.]
[0. 0. 0. 0.]
[0. 0. 0. 0.]
[8.67361738e-19 3.22214141e-03 8.28609616e-03 2.00225189e-02]
[0. 0. 0. 0.]
[0. 0. 0. 0.]
[0. 0. 0. 0.]
[1.29298654e-18 6.50942480e-04 5.54812031e-03 5.48011973e-03]
[0. 0. 0. 0.]
[1.63551298e-18 2.72055843e-03 1.86573193e-02 2.66229960e-02]
[1.29298654e-18 1.37235123e-03 1.12786510e-02 1.08069563e-02]
[0. 0. 0. 0.]
[3.56451790e-18 9.44037929e-04 8.58379545e-03 1.27628865e-02]
[3.46944695e-18 1.42939389e-04 6.39798120e-03 7.66962767e-03]
[1.63551298e-18 1.01628489e-03 5.09108084e-03 6.82036717e-03]
[0.         0.00051919 0.00544595 0.00845   ]
[0. 0. 0. 0.]
[1.04083409e-17 2.67546624e-04 5.42772189e-03 7.35222548e-03]
[0.         0.00482389 0.00453975 0.01249721]
[1.00778327e-17 9.40870693e-04 7.42614637e-03 7.56936940e-03]
[1.69967494e-18 3.06551164e-03 2.08057206e-02 2.08625445e-02]
[0. 0. 0. 0.]
[0. 0. 0. 0.]
[0. 0. 0. 0.]
[0. 0. 0. 0.]
[8.08722447e-19 3.46746736e-03 2.01245828e-02 4.32289896e-02]
[1.78225895e-18 1.84807047e-03 4.41208164e-03 9.45767884e-03]
[0. 0. 0. 0.]
[0. 0. 0. 0.]
[0. 0. 0. 0.]
[4.09090482e-19 5.04651874e-03 5.74710484e-02 3.96604311e-02]
[7.58845906e-19 4.77067072e-03 4.98956156e-02 2.57026708e-02]
[0. 0. 0. 0.]
[7.08197893e-19 2.49260239e-03 3.86454686e-02 3.50716604e-02]
[1.63551298e-18 2.31252925e-03 2.68141169e-02 2.67727392e-02]
[0. 0. 0. 0.]
[0. 0. 0. 0.]
[0. 0. 0. 0.]
[2.19129516e-18 3.13928921e-03 4.56171688e-02 1.98799033e-02]
[4.33680869e-19 1.04527920e-03 1.74192153e-02 3.35483998e-03]
[1.47769890e-18 5.78353751e-03 2.64097794e-02 2.14854533e-02]
[0. 0. 0. 0.]
[0. 0. 0. 0.]
[1.29298654e-18 8.60822442e-05 3.26226493e-04 5.62025258e-03]
[8.17756489e-19 5.59182974e-03 4.88843464e-02 3.30651299e-02]
[0. 0. 0. 0.]
[0. 0. 0. 0.]
[0. 0. 0. 0.]
[0. 0. 0. 0.]
[0. 0. 0. 0.]
[0. 0. 0. 0.]
[0. 0. 0. 0.]
[0. 0. 0. 0.]
[0. 0. 0. 0.]
[0. 0. 0. 0.]
[3.78074216e-18 5.65322002e-03 3.41975963e-02 2.85247766e-02]
[5.20417043e-18 3.72435898e-04 1.33590065e-02 1.25087686e-02]
[0. 0. 0. 0.]
[4.90653893e-18 1.47330982e-03 4.02764416e-03 5.96472034e-03]
[1.73472348e-18 7.50496984e-04 1.75338984e-02 1.07748657e-02]
[0. 0. 0. 0.]
[0. 0. 0. 0.]
[0. 0. 0. 0.]
[1.73472348e-18 7.69974664e-04 1.22392401e-02 9.42884246e-03]
[8.67361738e-19 1.43413618e-03 9.58692655e-03 6.82734698e-03]
[3.46944695e-18 1.48244575e-03 1.06181391e-02 1.34393745e-02]
[0. 0. 0. 0.]
[1.73472348e-18 2.83794478e-03 1.83819607e-03 1.73241682e-02]
[0.         0.00208498 0.00678411 0.01110056]
[4.32716061e-18 4.62686639e-04 1.39353428e-02 1.70694796e-02]
[0. 0. 0. 0.]
[0. 0. 0. 0.]
[0.         0.00165837 0.01254497 0.01009332]
[0. 0. 0. 0.]
[4.18088281e-18 1.96863658e-02 1.95152276e-02 7.06778268e-02]
[2.20868775e-18 4.10167275e-03 9.41276472e-03 1.64011572e-02]
[0. 0. 0. 0.]
[0. 0. 0. 0.]
[3.46944695e-18 2.46989354e-03 7.03376345e-03 1.19244866e-02]
[5.13138124e-18 4.26484111e-03 3.49635147e-02 3.14598205e-02]
[0. 0. 0. 0.]
[0. 0. 0. 0.]
[3.27102596e-18 2.48451457e-03 1.86275157e-02 2.04300397e-02]
[0. 0. 0. 0.]
[0. 0. 0. 0.]
[0. 0. 0. 0.]
[0. 0. 0. 0.]
[0. 0. 0. 0.]
[4.26923316e-18 1.15554503e-02 3.53962857e-02 5.48790058e-02]
[0. 0. 0. 0.]
[0. 0. 0. 0.]
[4.05443283e-18 2.21993726e-03 5.53882258e-02 4.97415029e-02]
[3.78652543e-18 1.92266686e-03 2.29021954e-02 2.45949523e-02]
[2.58597308e-18 2.62017447e-04 1.32248533e-02 9.90102968e-03]
[0. 0. 0. 0.]
[0. 0. 0. 0.]
[0. 0. 0. 0.]
[1.63551298e-18 1.74940026e-03 2.67141454e-03 5.74005029e-03]
[8.67361738e-19 3.13330814e-03 1.19817723e-02 1.18027218e-02]
[0. 0. 0. 0.]
[1.63551298e-18 1.01443923e-03 1.63386781e-02 1.26883929e-02]
[2.46159978e-18 6.88932353e-03 8.52149200e-02 6.02683665e-02]
[2.60208521e-18 7.66709447e-04 5.99407405e-03 6.26868010e-03]
[0. 0. 0. 0.]
[0.         0.00246758 0.00762476 0.01293231]
[5.19259273e-18 4.31445136e-03 1.39031357e-02 1.80099150e-02]
[0. 0. 0. 0.]
[1.82538416e-18 1.05974411e-02 3.24244993e-02 5.76114666e-02]
[0. 0. 0. 0.]
[2.12275053e-18 9.07662334e-03 4.59090040e-02 5.70589410e-02]
[0. 0. 0. 0.]
[6.46493269e-19 5.49480275e-04 1.22689522e-02 7.98358254e-03]
[0. 0. 0. 0.]
[3.58728241e-18 5.21714261e-03 7.31582523e-02 7.27954873e-02]
[1.87123540e-18 2.53885296e-03 2.26076836e-03 1.52320576e-02]
[0. 0. 0. 0.]
[0. 0. 0. 0.]
[8.67361738e-19 5.15701249e-04 5.35186008e-03 5.03875222e-03]
[0. 0. 0. 0.]
[0. 0. 0. 0.]
[0. 0. 0. 0.]
[1.73472348e-18 1.06871128e-04 7.97096593e-03 5.92043623e-03]
[8.17756489e-19 2.58478752e-03 7.15767452e-03 1.29312874e-02]
[0. 0. 0. 0.]
[2.54951242e-18 2.90838472e-03 1.16881604e-02 1.76920699e-02]
[0. 0. 0. 0.]
[0. 0. 0. 0.]
[0. 0. 0. 0.]
[3.46944695e-18 1.11687183e-03 1.54143199e-03 8.36160593e-03]
[0. 0. 0. 0.]
[0. 0. 0. 0.]
[0. 0. 0. 0.]
[0. 0. 0. 0.]
[0. 0. 0. 0.]
[0. 0. 0. 0.]
[2.18281251e-18 2.13613433e-03 1.20118035e-02 2.16446955e-02]
[5.20417043e-18 1.28512830e-03 2.39602476e-03 7.42267072e-03]
[0. 0. 0. 0.]
[8.67361738e-19 8.13268125e-05 2.20931694e-03 1.94308907e-03]
[1.90968789e-18 1.73697020e-03 2.98027946e-02 3.42793770e-02]
[3.65265121e-18 3.45777527e-03 1.11475058e-02 1.67623852e-02]
[2.45326947e-18 4.00271877e-03 1.96523960e-02 2.67489887e-02]
[0. 0. 0. 0.]
[0. 0. 0. 0.]
[7.77167848e-18 1.75587620e-03 1.96042041e-02 2.13956930e-02]
[6.93889390e-18 7.88036734e-04 1.02892518e-02 1.13576278e-02]
[0. 0. 0. 0.]
[0. 0. 0. 0.]
[2.34112463e-18 2.39203535e-03 2.24477118e-02 2.36809922e-02]
[0. 0. 0. 0.]
[4.33680869e-19 2.62055546e-04 2.13937871e-02 1.87201882e-02]
[0. 0. 0. 0.]
[3.75578650e-19 1.26145214e-03 2.04321882e-02 1.39238692e-02]
[0.         0.0005819  0.0107895  0.01089924]
[0. 0. 0. 0.]
[0. 0. 0. 0.]
[0. 0. 0. 0.]
[1.73472348e-18 4.39413445e-03 6.29435250e-03 2.56433128e-02]
[0. 0. 0. 0.]
[8.67361738e-19 6.76566735e-04 1.47344228e-02 1.76809654e-02]
[0. 0. 0. 0.]
[0. 0. 0. 0.]
[8.67361738e-18 2.62878463e-03 8.24186951e-03 1.49653479e-02]
[0. 0. 0. 0.]
[0. 0. 0. 0.]
[0. 0. 0. 0.]
[1.50231460e-18 1.69503497e-03 3.26666104e-03 6.02454468e-03]
[5.48567729e-18 1.41804093e-03 2.19165049e-03 7.74516542e-03]
[0. 0. 0. 0.]
[0. 0. 0. 0.]
[0. 0. 0. 0.]
[0. 0. 0. 0.]
[0. 0. 0. 0.]
[0. 0. 0. 0.]
[5.20417043e-18 6.28396869e-04 1.39798410e-03 2.93277390e-03]
[0.         0.00356911 0.00807974 0.01360317]
[6.10682463e-19 1.81795116e-03 5.25572168e-02 4.88805399e-02]
[1.25007253e-18 2.07899578e-03 3.65497267e-02 2.96197497e-02]
[1.66000692e-18 4.59512500e-04 3.90299351e-03 1.11484710e-02]
[0. 0. 0. 0.]
[0. 0. 0. 0.]
[1.29814818e-18 9.37948334e-04 3.43372451e-02 3.06128702e-02]
[4.50694380e-18 1.13476929e-03 2.93859000e-03 7.54953396e-03]
[0. 0. 0. 0.]
[4.60964004e-18 2.48624000e-03 2.02375752e-02 2.49714411e-02]
[0.         0.00165223 0.00523476 0.00763094]
[8.67361738e-19 2.67922133e-03 1.09551847e-02 1.08731091e-02]
[5.02471271e-18 1.47804192e-02 1.47381303e-02 5.45536515e-02]
[3.87895961e-18 9.12644324e-03 1.43072811e-02 3.61434433e-02]
[2.99218762e-18 7.56956113e-03 1.99817049e-02 3.84655244e-02]
[4.31885081e-19 4.54193239e-04 1.62813391e-03 4.28127682e-03]
[0. 0. 0. 0.]
[2.01738015e-18 1.53813460e-03 2.22392558e-02 1.62438335e-02]
[7.30882445e-19 2.96485116e-03 1.24993191e-02 2.36619606e-02]
[0. 0. 0. 0.]
[0. 0. 0. 0.]
[0. 0. 0. 0.]
[9.48676901e-20 2.24257633e-03 3.82050453e-03 5.16407564e-03]
[1.73472348e-18 4.59674746e-04 4.76323068e-03 6.86448812e-03]
[0. 0. 0. 0.]
[0. 0. 0. 0.]
[4.37018242e-18 4.89839303e-03 6.40456652e-02 6.10314541e-02]
[0. 0. 0. 0.]
[0. 0. 0. 0.]
[0.         0.00100651 0.00511229 0.00517021]
[0. 0. 0. 0.]
[5.13138124e-18 1.14210314e-03 3.13350477e-03 1.65006294e-02]
[0. 0. 0. 0.]
[0. 0. 0. 0.]
[0. 0. 0. 0.]
[4.59188740e-18 2.60528394e-03 1.63380447e-02 2.87681540e-02]
[1.43835672e-18 2.32153754e-03 4.98588202e-03 1.32591448e-02]
[0. 0. 0. 0.]
[2.33096463e-18 2.13816210e-03 2.57670865e-02 2.11108446e-02]
[1.03236696e-18 2.28366993e-03 3.42956558e-02 2.67546098e-02]
[4.25128210e-18 3.25465659e-03 1.08162394e-02 1.99594808e-02]
[3.54098947e-19 1.41983403e-03 3.92260352e-03 9.79096164e-03]
[0. 0. 0. 0.]
[8.67361738e-19 3.06974165e-03 6.28650375e-03 1.16727501e-02]
[1.63551298e-18 3.46140301e-03 1.41990221e-02 1.90438849e-02]
[0. 0. 0. 0.]
[0. 0. 0. 0.]
[8.91129474e-19 6.61083458e-04 4.03759732e-03 8.38865758e-03]
[2.04439122e-19 2.17922783e-03 4.06347503e-03 1.22192887e-02]
[3.53815554e-18 2.60568798e-03 1.51536551e-02 2.61155959e-02]
[0. 0. 0. 0.]
[0. 0. 0. 0.]
[0. 0. 0. 0.]
[4.50694380e-18 7.33473342e-04 6.58973074e-03 6.45187844e-03]
[0. 0. 0. 0.]
[2.54951242e-18 2.64122626e-03 3.39352132e-02 3.20532736e-02]
[2.58597308e-18 1.62923217e-03 2.72996986e-02 2.54592956e-02]
[0. 0. 0. 0.]
[0. 0. 0. 0.]
[1.73472348e-18 2.29242072e-03 4.10615876e-02 2.16999799e-02]
[1.77120279e-18 2.64262545e-03 6.74509306e-02 3.53995756e-02]
[0. 0. 0. 0.]
[1.21139644e-18 3.98770652e-03 8.29166159e-02 4.18060134e-02]
[1.87371551e-18 4.37278043e-03 1.26727487e-02 2.85483787e-02]
[0. 0. 0. 0.]
[1.30627223e-18 3.72674120e-03 7.13329450e-02 5.89832570e-02]
[8.67361738e-19 7.17088580e-04 1.58927590e-03 3.39990854e-03]
[0. 0. 0. 0.]
[0. 0. 0. 0.]
[3.05592064e-18 3.28492910e-03 1.10635006e-02 2.24300319e-02]
[3.04184710e-18 7.18022757e-03 6.75062967e-02 5.68627892e-02]
[1.69967494e-18 3.06656421e-03 9.62946624e-03 1.95089263e-02]
[2.45326947e-18 6.78912031e-04 3.05540960e-03 5.10063205e-03]
[3.26676847e-18 8.28760214e-03 2.78510539e-02 4.56633986e-02]
[2.23323107e-18 4.00674930e-03 6.96389819e-02 5.04054999e-02]
[1.73472348e-18 7.31643289e-04 4.13759798e-03 5.36612421e-03]
[1.82108030e-18 2.05605091e-03 4.63193332e-02 2.18029715e-02]
[0. 0. 0. 0.]
[0. 0. 0. 0.]
[2.15619038e-18 4.20260289e-03 7.64272175e-02 5.26272766e-02]
[3.98343815e-18 5.67446323e-03 2.20218673e-02 3.79153010e-02]
[5.13138124e-18 8.82032083e-04 1.51445179e-02 9.12852495e-03]
[6.93889390e-18 1.83409452e-04 3.91940773e-03 2.32025981e-03]
[3.46944695e-18 2.74974853e-04 1.13715231e-02 8.68561864e-03]
[3.46944695e-18 4.00812924e-03 1.53590702e-02 1.78413540e-02]
[4.42055503e-18 8.81483667e-03 2.66662497e-02 4.43312948e-02]
[1.99479174e-18 2.03967813e-03 1.37186233e-02 1.34053182e-02]
[2.54951242e-18 3.25247659e-03 1.01901900e-02 2.12218572e-02]
[0. 0. 0. 0.]
[0. 0. 0. 0.]
[0. 0. 0. 0.]
[0. 0. 0. 0.]
[0. 0. 0. 0.]
[8.67361738e-19 1.57462619e-03 5.06112352e-04 4.99349460e-03]
[3.23246635e-19 1.48107442e-04 4.82111450e-03 5.88759290e-03]
[0. 0. 0. 0.]
[2.52542445e-18 3.25501801e-03 6.83719209e-02 6.68072318e-02]
[2.74963066e-18 1.89535547e-03 1.39141852e-02 2.28605982e-02]
[4.08878244e-19 3.20669029e-03 4.16089581e-03 1.70915094e-02]
[0. 0. 0. 0.]
[0. 0. 0. 0.]
[0. 0. 0. 0.]
[3.08452049e-19 9.34013264e-03 6.42807658e-02 4.88675556e-02]
[0. 0. 0. 0.]
[0. 0. 0. 0.]
[0. 0. 0. 0.]
[0. 0. 0. 0.]
[8.67361738e-19 4.19792160e-03 1.13668032e-02 1.99829191e-02]
[0. 0. 0. 0.]
[0.         0.00469898 0.00726632 0.01574958]
[0. 0. 0. 0.]
[0. 0. 0. 0.]
[1.73472348e-18 1.54998153e-03 5.55583462e-02 1.40369050e-02]
[0. 0. 0. 0.]
[0. 0. 0. 0.]
[1.73472348e-18 2.25799903e-03 3.23849907e-02 1.98374745e-02]
[0. 0. 0. 0.]
[3.46944695e-18 2.47855857e-03 2.49314867e-02 2.14118138e-02]
[0. 0. 0. 0.]
[0. 0. 0. 0.]
[0. 0. 0. 0.]
[3.46944695e-18 2.32408196e-03 1.95551105e-03 4.76309098e-03]
[0. 0. 0. 0.]
[0. 0. 0. 0.]
[3.27102596e-18 1.80417394e-03 3.98785466e-03 3.06026037e-02]
[0. 0. 0. 0.]
[0. 0. 0. 0.]
[4.33680869e-19 1.61804818e-03 9.43189114e-03 1.63429081e-02]
[0. 0. 0. 0.]
[0. 0. 0. 0.]
[0. 0. 0. 0.]
[0. 0. 0. 0.]
[0. 0. 0. 0.]
[0. 0. 0. 0.]
[0. 0. 0. 0.]
[0. 0. 0. 0.]
[0. 0. 0. 0.]
[0. 0. 0. 0.]
[0.         0.00147726 0.01941146 0.00861771]
[6.19420177e-18 5.51379373e-03 1.15921808e-02 2.35592560e-02]
[0. 0. 0. 0.]
[3.46944695e-18 1.15105137e-03 1.35187730e-02 1.12140328e-02]
[0. 0. 0. 0.]
[0. 0. 0. 0.]
[0. 0. 0. 0.]
[0. 0. 0. 0.]
[0. 0. 0. 0.]
[1.31700692e-18 1.21383420e-02 8.01873245e-02 4.83105027e-02]
[0. 0. 0. 0.]
[0. 0. 0. 0.]
[0. 0. 0. 0.]
[0. 0. 0. 0.]
[0. 0. 0. 0.]
[0. 0. 0. 0.]
[0. 0. 0. 0.]
[0. 0. 0. 0.]
[0. 0. 0. 0.]
[0. 0. 0. 0.]
[0. 0. 0. 0.]
[0.         0.00174326 0.0053918  0.01371171]
[3.46944695e-18 1.50455162e-03 6.35656714e-03 1.42880976e-02]
[2.16358030e-18 4.66509463e-03 6.72867746e-03 1.32100379e-02]
[1.73472348e-18 1.09876692e-03 1.91776101e-02 7.89858494e-03]
[0. 0. 0. 0.]
[4.04603566e-18 2.16433542e-03 1.95939070e-02 2.78831671e-02]
[0. 0. 0. 0.]
[1.63551298e-18 3.49371032e-03 7.27157189e-02 2.20341160e-02]
[0. 0. 0. 0.]
[2.04439122e-19 1.86777271e-04 3.58201877e-02 1.45420360e-02]
[5.20417043e-18 4.72851098e-04 2.21833587e-02 7.08320737e-03]
[0. 0. 0. 0.]
[3.78074216e-18 2.04829190e-03 1.13334709e-02 8.14126867e-03]
[3.46944695e-18 5.93837351e-04 1.70026347e-03 2.19973549e-03]
[0. 0. 0. 0.]
[2.62805301e-18 1.55961270e-02 8.63555097e-02 6.37709163e-02]
[2.98411954e-18 7.55133159e-03 5.86956417e-02 5.03964491e-02]
[7.49486202e-18 1.81747217e-03 5.22763485e-02 1.59931748e-02]
[0. 0. 0. 0.]
[0. 0. 0. 0.]
[0. 0. 0. 0.]
[0. 0. 0. 0.]
[0. 0. 0. 0.]
[4.50694380e-18 4.55150620e-03 9.77768009e-02 3.54090911e-02]
[0. 0. 0. 0.]
[0. 0. 0. 0.]
[0.         0.00334124 0.01055096 0.01590998]
[0. 0. 0. 0.]
[2.19427092e-18 6.98132691e-03 6.71800392e-02 4.27579597e-02]
[4.53593117e-18 3.06865025e-03 2.32110676e-02 2.76368600e-02]
[3.87895961e-18 1.40703458e-03 6.69482844e-03 5.76778248e-03]
[4.50694380e-18 1.92215609e-03 1.87215528e-02 1.87712453e-02]
[0. 0. 0. 0.]
[8.67361738e-19 1.28112733e-05 4.23309579e-03 4.39853221e-03]
[0.         0.00145891 0.0063966  0.01720181]
[0. 0. 0. 0.]
[0. 0. 0. 0.]
[0. 0. 0. 0.]
[2.83279157e-18 1.93756025e-03 8.49415039e-03 2.31085419e-02]
[4.72592770e-19 4.86858193e-03 5.66828496e-03 3.01635851e-02]
[0. 0. 0. 0.]
[0. 0. 0. 0.]
[0. 0. 0. 0.]
[0. 0. 0. 0.]
[0. 0. 0. 0.]
[0. 0. 0. 0.]
[0. 0. 0. 0.]
[0. 0. 0. 0.]
[8.17756489e-19 5.38210719e-03 1.31645453e-02 2.38087570e-02]
[0. 0. 0. 0.]
[0. 0. 0. 0.]
[3.00462920e-18 8.18900915e-03 8.58889804e-02 3.51540973e-02]
[7.15523125e-19 6.34865992e-03 1.30261881e-02 2.81042439e-02]
[0. 0. 0. 0.]
[0. 0. 0. 0.]
[3.27102596e-18 2.59888356e-03 3.92019393e-02 1.57425082e-02]
[0. 0. 0. 0.]
[0. 0. 0. 0.]
[0. 0. 0. 0.]
[0. 0. 0. 0.]
[1.29814818e-18 5.22376329e-03 3.24988223e-02 2.97390770e-02]
[0.         0.00112172 0.01328429 0.00612716]
[0. 0. 0. 0.]
[0. 0. 0. 0.]
[1.10827418e-18 4.33059136e-03 3.74269787e-02 2.76715037e-02]
[1.73472348e-18 6.68223947e-05 8.39839131e-03 1.64048597e-02]
[1.73472348e-18 3.05898488e-04 2.51453742e-03 6.58576190e-03]
[1.08179015e-18 8.94322554e-04 2.77197617e-02 2.56623847e-02]
[0. 0. 0. 0.]
[0. 0. 0. 0.]
[0. 0. 0. 0.]
[0. 0. 0. 0.]
[2.86852932e-18 4.28783401e-03 9.71388706e-03 1.96773518e-02]
[0. 0. 0. 0.]
[0. 0. 0. 0.]
[1.73472348e-18 4.47172672e-04 2.49145180e-03 8.54963064e-03]
[0. 0. 0. 0.]
[0. 0. 0. 0.]
[0. 0. 0. 0.]
[0. 0. 0. 0.]
[0. 0. 0. 0.]
[0. 0. 0. 0.]
[0. 0. 0. 0.]
[0. 0. 0. 0.]
[0. 0. 0. 0.]
[8.67361738e-19 6.49154186e-04 1.00441985e-02 1.25069767e-02]
[0. 0. 0. 0.]
[0. 0. 0. 0.]
[0. 0. 0. 0.]
[0. 0. 0. 0.]
[2.76808317e-18 5.87935690e-03 6.69816320e-03 3.06807865e-02]
[2.24301490e-18 9.74037817e-04 2.02436771e-02 1.56468805e-02]
[1.44096954e-18 2.23070897e-03 7.69121937e-02 2.36782642e-02]
[0. 0. 0. 0.]
[0. 0. 0. 0.]
[0. 0. 0. 0.]
[0. 0. 0. 0.]
[0. 0. 0. 0.]
[0. 0. 0. 0.]
[1.48783356e-18 5.94395552e-03 5.17362169e-02 6.13827353e-02]
[0. 0. 0. 0.]
[0. 0. 0. 0.]
[3.69394283e-18 7.62373603e-03 8.09641624e-02 5.79911333e-02]
[3.19927671e-18 5.17882035e-03 2.17331005e-02 3.52237354e-02]
[7.75791923e-18 1.76482484e-03 1.12982682e-02 1.66212813e-02]
[0. 0. 0. 0.]
[4.90653893e-18 4.20955698e-04 8.59788685e-04 2.82690152e-03]
[0. 0. 0. 0.]
[3.39122846e-18 4.96337376e-03 3.05028798e-02 3.03181525e-02]
[0. 0. 0. 0.]
[1.29298654e-18 1.31360805e-03 1.67015075e-02 1.75031786e-02]
[0.         0.00164879 0.00950837 0.00976506]
[0.         0.0003412  0.01336517 0.00559876]
[0. 0. 0. 0.]
[0. 0. 0. 0.]
[0. 0. 0. 0.]
[4.47019060e-18 3.95429011e-03 2.66732623e-02 4.10808306e-02]
[5.89692590e-18 1.42902344e-03 1.44191934e-02 1.14375984e-02]
[1.63551298e-18 1.50687354e-04 9.53177113e-03 7.76921335e-03]
[0. 0. 0. 0.]
[1.63551298e-18 2.50141369e-03 1.20688356e-02 1.30833094e-02]
[0. 0. 0. 0.]
[0. 0. 0. 0.]
[5.17194615e-18 2.93610647e-03 9.69284626e-04 1.62779797e-02]
[0. 0. 0. 0.]
[0. 0. 0. 0.]
[5.20417043e-18 1.29893175e-03 3.89113399e-03 5.89848892e-03]
[3.52713364e-18 4.88587102e-03 2.01225178e-02 2.65738180e-02]
[1.73472348e-18 1.90783665e-03 1.03371218e-02 8.36422294e-03]
[4.24918736e-18 1.81941801e-03 5.92043104e-03 8.88415512e-03]
[0. 0. 0. 0.]
[0. 0. 0. 0.]
[6.66233193e-18 1.83883457e-03 6.57272238e-03 1.19927635e-02]
[8.67361738e-19 6.31030649e-04 3.80362943e-03 5.36509044e-03]
[0. 0. 0. 0.]
[0. 0. 0. 0.]
[3.46944695e-18 6.37672437e-03 3.00808832e-02 3.55015926e-02]
[0. 0. 0. 0.]
[1.06229684e-18 9.48144337e-03 1.51460511e-02 3.80986738e-02]
[1.56733637e-18 5.26839785e-04 1.31791669e-02 1.32714512e-02]
[0. 0. 0. 0.]
[8.67361738e-19 1.26585178e-03 7.70552829e-03 9.08868946e-03]
[8.17756489e-19 2.63122859e-04 7.59910997e-03 1.19362083e-02]
[0. 0. 0. 0.]
[0. 0. 0. 0.]
[0. 0. 0. 0.]
[2.67750804e-18 2.90658902e-03 2.80314838e-02 3.00467031e-02]
[8.17756489e-19 1.82488077e-04 6.10600147e-03 7.29402880e-03]
[0. 0. 0. 0.]
[1.63551298e-18 2.44353194e-03 1.02905166e-02 2.01384494e-02]
[2.87994027e-18 1.27789370e-02 2.60149502e-02 5.44678110e-02]
[0. 0. 0. 0.]
[0. 0. 0. 0.]
[0. 0. 0. 0.]
[4.33680869e-19 1.59310177e-03 9.75592621e-03 1.81354210e-02]
[0.         0.00380247 0.00998357 0.01778687]
[1.38777878e-18 2.99132556e-03 2.29809509e-02 1.11913944e-02]
[0. 0. 0. 0.]
[1.73472348e-18 2.00498876e-03 6.20963859e-02 1.87814751e-02]
[1.73472348e-18 2.93350220e-03 8.82516801e-03 1.22310743e-02]
[1.08420217e-19 2.62567773e-03 4.09085397e-03 9.47458297e-03]
[0. 0. 0. 0.]
[0. 0. 0. 0.]
[0. 0. 0. 0.]
[6.46493269e-19 4.12572521e-04 2.11865141e-02 1.77174103e-02]
[0. 0. 0. 0.]
[5.20417043e-18 2.64644623e-04 6.90506026e-03 4.41855937e-03]
[1.29298654e-18 3.29729259e-05 1.06766973e-02 1.08549954e-02]
[3.11392394e-18 4.36718791e-03 8.58611315e-03 2.59767676e-02]
[4.32716061e-18 3.43235690e-03 2.57701281e-02 3.07133696e-02]
[3.25260652e-19 3.08461131e-03 6.48150154e-02 2.71138929e-02]
[0.00000000e+00 5.63029213e-05 2.54548605e-02 8.41359976e-03]
[0. 0. 0. 0.]
[0. 0. 0. 0.]
[0. 0. 0. 0.]
[2.59629636e-18 5.73009622e-03 1.22280687e-02 2.53145002e-02]
[0. 0. 0. 0.]
[3.56451790e-18 5.66700723e-03 7.26672343e-03 1.88462429e-02]
[0.         0.00109085 0.00743947 0.0223335 ]
[0. 0. 0. 0.]
[1.38777878e-17 5.64631075e-04 9.38161463e-03 2.06186697e-02]
[0. 0. 0. 0.]
[8.17756489e-19 3.89768787e-03 6.74028909e-03 1.56180969e-02]
[1.73472348e-18 2.52514891e-03 6.12300169e-03 1.33456886e-02]
[1.73472348e-18 5.52587211e-04 1.42166764e-03 9.24932957e-03]
[0. 0. 0. 0.]
[0. 0. 0. 0.]
[4.32716061e-18 5.01455189e-03 4.05663571e-02 1.52934011e-02]
[0. 0. 0. 0.]
[0. 0. 0. 0.]
[0. 0. 0. 0.]
[1.73472348e-18 2.72036716e-03 2.03938782e-03 1.94143355e-02]
[1.73472348e-18 4.19087708e-04 2.04613432e-03 2.47529149e-03]
[0.         0.00249466 0.04798713 0.01338379]
[4.32716061e-18 3.55885381e-03 2.67332808e-02 1.99264720e-02]
[0. 0. 0. 0.]
[4.98697936e-18 6.70399834e-03 7.66016382e-02 3.51417543e-02]
[2.83279157e-18 6.12443806e-04 1.35966420e-03 2.34111399e-03]
[3.46944695e-18 4.40251082e-04 1.67248398e-03 5.88396937e-03]
[5.20417043e-18 2.82076374e-03 2.16637067e-02 1.02401376e-02]
[0. 0. 0. 0.]
[4.16333634e-18 1.03657910e-03 4.52779687e-03 7.42584436e-03]
[0. 0. 0. 0.]
[0. 0. 0. 0.]
[0.         0.00235929 0.0116516  0.0075828 ]
[0. 0. 0. 0.]
[0.         0.00054767 0.02623068 0.01956361]
[0. 0. 0. 0.]
[0.00000000e+00 5.40596327e-05 9.66676988e-04 4.99573565e-03]
[0. 0. 0. 0.]
[1.63551298e-18 2.74108547e-03 1.61693639e-02 1.04745513e-02]
[1.43835672e-18 2.87573117e-03 2.62727776e-02 1.20735366e-02]
[2.16840434e-19 3.09481637e-03 1.05821865e-02 2.26569813e-02]
[2.12459368e-18 1.12527624e-03 6.58719409e-03 1.29528834e-02]
[6.77626358e-20 2.81218626e-03 8.75568204e-03 1.71583667e-02]
[0. 0. 0. 0.]
[0. 0. 0. 0.]
[0. 0. 0. 0.]
[0. 0. 0. 0.]
[0. 0. 0. 0.]
[0. 0. 0. 0.]
[0. 0. 0. 0.]
[0. 0. 0. 0.]
[0. 0. 0. 0.]
[0. 0. 0. 0.]
[1.73472348e-18 3.81282717e-03 7.15748966e-03 1.36965439e-02]
[0. 0. 0. 0.]
[0. 0. 0. 0.]
[0. 0. 0. 0.]
[3.10316769e-18 1.60814682e-03 1.46604927e-02 3.61749630e-02]
[0. 0. 0. 0.]
[4.90653893e-18 1.25908455e-03 2.06777492e-02 2.76707676e-02]
[1.42009537e-18 1.93017861e-02 8.56951871e-02 7.75209807e-02]
[0. 0. 0. 0.]
[0. 0. 0. 0.]
[0. 0. 0. 0.]
[0. 0. 0. 0.]
[4.11818464e-19 9.46000126e-03 1.58524291e-02 3.48517387e-02]
[3.81510407e-18 5.05701630e-03 4.50888753e-02 2.25807883e-02]
[0. 0. 0. 0.]
[0. 0. 0. 0.]
[8.67361738e-19 6.20458275e-04 7.43489712e-04 5.31418296e-03]
[0. 0. 0. 0.]
[0. 0. 0. 0.]
[0. 0. 0. 0.]
[7.47341745e-18 3.33857148e-03 4.76450969e-02 1.08492385e-02]
[0. 0. 0. 0.]
[8.67361738e-18 2.13136896e-03 7.58874416e-03 1.09124556e-02]
[3.46944695e-18 3.23966891e-03 1.12674572e-03 1.20722465e-02]
[0. 0. 0. 0.]
[0. 0. 0. 0.]
[0. 0. 0. 0.]
[0. 0. 0. 0.]
[3.46944695e-18 4.65601310e-03 4.86373901e-04 1.47826821e-02]
[0. 0. 0. 0.]
[0. 0. 0. 0.]
[1.88421579e-18 6.27768745e-03 2.07506627e-02 2.76756305e-02]
[0.         0.00430345 0.0074582  0.01488268]
[2.88193908e-18 6.94514299e-03 5.04835021e-02 3.03444406e-02]
[0. 0. 0. 0.]
[9.29130266e-19 4.49876867e-03 2.89886043e-02 3.70190881e-02]
[8.67361738e-19 2.18023732e-03 7.45190633e-03 1.34950913e-02]
[1.81320456e-19 2.17537541e-03 2.19480808e-02 2.05866378e-02]
[8.67361738e-19 2.39942037e-03 2.03478895e-03 1.42403394e-02]
[0. 0. 0. 0.]
[0. 0. 0. 0.]
[7.31188126e-19 6.27339438e-03 7.54573720e-02 5.45903316e-02]
[1.00361024e-18 7.59131771e-03 6.97758664e-02 4.68293418e-02]
[1.74399506e-18 8.47248611e-03 1.12307357e-01 6.95025228e-02]
[0. 0. 0. 0.]
[1.63551298e-18 8.84753668e-04 1.25576957e-02 1.07292460e-02]
[0. 0. 0. 0.]
[1.43835672e-18 6.06568775e-03 4.73968949e-02 2.53701950e-02]
[0. 0. 0. 0.]
[0. 0. 0. 0.]
[0. 0. 0. 0.]
[3.46944695e-18 4.62920964e-03 2.87931189e-02 1.33558400e-02]
[8.67361738e-19 9.29478556e-04 5.56254201e-03 9.81550571e-03]
[0. 0. 0. 0.]
[1.08179015e-18 4.34184704e-03 1.45784591e-02 1.57190569e-02]
[0. 0. 0. 0.]
[0. 0. 0. 0.]
[0. 0. 0. 0.]
[0. 0. 0. 0.]
[0. 0. 0. 0.]
[0. 0. 0. 0.]
[3.43703833e-19 2.61472414e-03 5.13720587e-02 2.76089083e-02]
[0. 0. 0. 0.]
[0. 0. 0. 0.]
[0. 0. 0. 0.]
[5.88273352e-19 2.87489159e-03 2.69197753e-02 1.42737265e-02]
[0. 0. 0. 0.]
[0. 0. 0. 0.]
[0.         0.00011216 0.00105138 0.00212415]
[0. 0. 0. 0.]
[0. 0. 0. 0.]
[0.         0.00047353 0.00466126 0.00830039]
[0. 0. 0. 0.]
[1.43835672e-18 1.52485179e-03 6.65702282e-03 1.34330389e-02]
[1.90956316e-19 5.60769097e-03 7.65665302e-02 3.27496884e-02]
[1.41639579e-18 4.58699068e-03 4.17464838e-02 4.67229472e-02]
[0. 0. 0. 0.]
[8.67361738e-19 2.32155621e-03 7.55413808e-03 1.42856166e-02]
[0. 0. 0. 0.]
[0. 0. 0. 0.]
[0. 0. 0. 0.]
[5.96037344e-19 3.34413971e-03 5.97930457e-02 3.16712786e-02]
[0. 0. 0. 0.]
[0. 0. 0. 0.]
[0. 0. 0. 0.]
[0. 0. 0. 0.]
[5.11097806e-20 5.09075625e-04 7.60520253e-03 5.51555304e-03]
[0. 0. 0. 0.]
[1.73472348e-18 5.18318266e-04 1.72397122e-03 3.54532897e-03]
[2.29245865e-18 6.80564153e-03 9.31149774e-02 5.11236161e-02]
[0. 0. 0. 0.]
[0. 0. 0. 0.]
[0. 0. 0. 0.]
[0. 0. 0. 0.]
[0.         0.00144093 0.00630229 0.01070973]
[0. 0. 0. 0.]
[3.46944695e-18 5.45100875e-03 2.64407953e-02 2.80556254e-02]
[0.         0.00014288 0.0008995  0.00098694]
[0. 0. 0. 0.]
[2.87671344e-18 2.55744465e-03 2.20055574e-02 2.49409070e-02]
[0. 0. 0. 0.]
[0. 0. 0. 0.]
