[4.33680869e-19 1.42248161e-03 3.32579203e-03 1.44807249e-02]
[8.67361738e-19 3.52396443e-03 4.48226696e-03 1.04695112e-02]
[0. 0. 0. 0.]
[0. 0. 0. 0.]
[0. 0. 0. 0.]
[0.         0.00414953 0.00541357 0.03371575]
[0. 0. 0. 0.]
[3.84041413e-19 8.18060873e-03 1.94703494e-02 4.36307686e-02]
[0. 0. 0. 0.]
[0. 0. 0. 0.]
[0. 0. 0. 0.]
[0. 0. 0. 0.]
[0. 0. 0. 0.]
[2.45326947e-18 1.70165091e-03 4.31204495e-02 2.27894824e-02]
[0.         0.00101076 0.02743306 0.0194345 ]
[0. 0. 0. 0.]
[2.16358030e-18 8.31776819e-03 2.51091428e-02 3.79000197e-02]
[1.06229684e-18 1.19831578e-03 4.87843566e-02 2.15361682e-02]
[3.00842837e-18 2.59838127e-02 7.66487184e-02 8.40244739e-02]
[0. 0. 0. 0.]
[0. 0. 0. 0.]
[2.83279157e-18 6.60162689e-03 1.18722634e-02 2.41776120e-02]
[4.32716061e-18 7.08311439e-03 4.58360050e-02 3.02241448e-02]
[0. 0. 0. 0.]
[0. 0. 0. 0.]
[0. 0. 0. 0.]

[2.12909485e-18 7.97904082e-03 4.65348414e-02 5.52680126e-02]
[0. 0. 0. 0.]
[1.30104261e-18 8.46713781e-04 5.93177043e-03 1.01871938e-02]
[0. 0. 0. 0.]
[8.67361738e-19 2.60920636e-03 2.72385031e-03 1.08869821e-02]
[0. 0. 0. 0.]
[0. 0. 0. 0.]
[2.71635516e-18 3.73170263e-03 3.58607969e-02 4.25969433e-02]
[2.25347190e-18 2.80473215e-03 8.72344993e-03 1.64140058e-02]
[1.28284531e-18 3.35218249e-03 1.62165444e-02 1.94444460e-02]
[0. 0. 0. 0.]
[0.         0.00266788 0.0160014  0.01634772]
[1.53427091e-18 5.67703634e-03 6.49383211e-02 5.75561922e-02]
[3.31365515e-18 1.61860491e-03 2.58875779e-02 2.02061317e-02]
[1.84284830e-18 2.30856724e-03 7.35766162e-03 1.51404728e-02]
[1.10827418e-18 4.53294390e-03 4.93592355e-02 5.46800338e-02]
[8.17756489e-19 2.19328687e-04 2.49347780e-03 3.79091234e-03]
[1.68289770e-18 1.20806489e-02 5.44170501e-02 7.78108743e-02]
[8.66541538e-19 7.70434074e-04 8.66695094e-03 1.11897509e-02]
[1.13852311e-18 1.23349935e-03 6.21248074e-03 1.26612660e-02]
[2.77663260e-18 3.27251225e-03 1.46373186e-02 3.22495668e-02]
[2.60208521e-18 1.28906220e-04 4.38097864e-04 8.50499421e-03]
[8.17756489e-19 2.42090351e-03 3.97045829e-02 3.86007480e-02]
[0. 0. 0. 0.]
[0. 0. 0. 0.]
[0. 0. 0. 0.]
[8.67361738e-19 2.77321786e-04 5.62448055e-04 1.21811032e-03]
[0. 0. 0. 0.]
[1.35885442e-18 5.96382318e-03 3.42118934e-02 4.25487990e-02]
[0. 0. 0. 0.]
[0. 0. 0. 0.]
[0. 0. 0. 0.]
[3.21889884e-18 7.43659918e-03 5.95823048e-02 5.93838776e-02]
[4.95536142e-18 5.55607465e-03 2.26936602e-02 4.72561742e-02]
[0.         0.00074213 0.00144426 0.00894753]
[0. 0. 0. 0.]
[3.27102596e-18 5.63479078e-03 6.04193628e-03 2.50775818e-02]
[3.43007177e-18 1.33355770e-02 3.01305051e-02 5.88914938e-02]
[3.00197264e-18 6.29339669e-03 4.39382915e-02 5.26187301e-02]
[2.06133732e-19 1.54915122e-03 2.11142572e-02 2.46595202e-02]
[2.75958044e-18 1.35933833e-02 7.32281012e-03 4.08848866e-02]
[8.67361738e-19 3.44727188e-03 3.23485620e-02 2.51428210e-02]
[0.00000000e+00 4.96804714e-05 3.02362815e-03 2.73177773e-03]
[0. 0. 0. 0.]
[1.50231460e-18 7.20611780e-04 2.62867895e-02 2.67794984e-02]
[0. 0. 0. 0.]
[0. 0. 0. 0.]
[7.19178361e-19 2.94020238e-04 2.72892422e-02 3.17653771e-02]
[0. 0. 0. 0.]
[0. 0. 0. 0.]
[0. 0. 0. 0.]
[1.73472348e-18 1.70755759e-03 4.72424924e-03 1.17582157e-02]
[0. 0. 0. 0.]
[7.08197893e-19 2.71872018e-03 6.35847540e-03 3.06924335e-02]
[0. 0. 0. 0.]
[1.38777878e-18 1.15306550e-02 6.87623284e-03 5.53206525e-02]
[3.46944695e-18 3.12160701e-04 3.18747759e-03 3.56802344e-03]
[0. 0. 0. 0.]
[0. 0. 0. 0.]
[0. 0. 0. 0.]
[1.30104261e-18 2.99632922e-03 9.66119952e-03 1.53496284e-02]
[0. 0. 0. 0.]
[8.34481257e-19 5.27679464e-03 1.58070717e-02 3.01820829e-02]
[8.67361738e-19 6.81763329e-03 6.34202361e-03 3.96555588e-02]
[0. 0. 0. 0.]
[6.07026766e-19 8.11230059e-04 1.87119061e-02 2.47888871e-02]
[1.43835672e-18 3.00826028e-03 5.30822798e-03 2.56059538e-02]
[0.         0.00310484 0.05701877 0.02148098]
[0. 0. 0. 0.]
[8.17756489e-19 3.10939026e-03 1.40386896e-02 3.46497512e-02]
[1.73472348e-18 1.08046085e-03 1.47055797e-02 2.04258114e-02]
[0. 0. 0. 0.]
[0. 0. 0. 0.]
[0. 0. 0. 0.]
[5.20417043e-18 1.32911652e-03 8.69434327e-04 9.99407470e-03]
[0. 0. 0. 0.]
[3.85433640e-18 5.74868761e-03 3.02477211e-02 4.27838467e-02]
[0. 0. 0. 0.]
[8.17756489e-19 1.19218815e-03 3.76257697e-03 1.38826081e-02]
[9.25637495e-19 4.86646716e-03 9.33470458e-03 2.30486852e-02]
[0. 0. 0. 0.]
[0. 0. 0. 0.]
[0.00000000e+00 8.10641795e-05 1.44859776e-04 1.22808367e-02]
[0. 0. 0. 0.]
[0. 0. 0. 0.]
[2.16358030e-18 5.24980525e-03 5.48114371e-03 2.18345018e-02]
[7.06874688e-18 7.74077526e-03 2.41162333e-02 4.71183832e-02]
[5.78233931e-18 1.00761845e-02 1.76828064e-02 4.63951233e-02]
[0. 0. 0. 0.]
[0. 0. 0. 0.]
[0. 0. 0. 0.]
[0. 0. 0. 0.]
[0. 0. 0. 0.]
[0. 0. 0. 0.]
[1.44501273e-18 6.92768757e-04 1.40109952e-02 1.57464614e-02]
[0.         0.00217635 0.0129585  0.01673889]
[0. 0. 0. 0.]
[0.         0.0008642  0.0144499  0.02516937]
[5.98878386e-18 3.81449200e-03 4.14343396e-02 4.88008976e-02]
[5.03472503e-18 8.93314364e-03 2.46531736e-02 3.37789473e-02]
[3.87895961e-18 8.08757151e-04 9.94639765e-03 1.33778394e-02]
[7.12903579e-18 4.52760739e-03 2.17110934e-02 5.73006833e-02]
[1.63551298e-18 5.63258101e-03 1.06468678e-02 4.15185540e-02]
[0. 0. 0. 0.]
[0. 0. 0. 0.]
[6.61587552e-18 5.81663305e-03 2.86953062e-02 3.92526227e-02]
[1.73472348e-18 2.07956880e-04 1.53327659e-02 1.56511515e-02]
[7.24228916e-18 8.69709819e-04 2.66213736e-02 1.24407846e-02]
[5.96912190e-18 1.32161637e-02 1.55489007e-02 5.79872862e-02]
[5.81125172e-18 3.85750412e-03 1.62029826e-02 3.29872885e-02]
[0. 0. 0. 0.]
[0. 0. 0. 0.]
[0. 0. 0. 0.]
[1.26362698e-18 2.18061661e-03 1.11687110e-02 2.81140790e-02]
[6.46493269e-19 1.67195642e-04 1.56210590e-02 1.80004853e-02]
[0. 0. 0. 0.]
[0. 0. 0. 0.]
[1.29298654e-18 6.50942480e-04 5.54812031e-03 5.48011973e-03]
[0. 0. 0. 0.]
[2.37078292e-18 5.64967763e-03 2.11806512e-02 4.56734344e-02]
[1.29298654e-18 1.37235123e-03 1.12786510e-02 1.08069563e-02]
[3.67572961e-18 4.32080658e-03 8.23532998e-03 3.53787996e-02]
[1.63551298e-18 1.01628489e-03 5.09108084e-03 6.82036717e-03]
[3.30913628e-18 9.22773936e-03 2.24353684e-02 3.93946188e-02]
[1.20983749e-17 2.27928273e-03 1.05270224e-02 3.03370491e-02]
[1.69967494e-18 3.06551164e-03 2.08057206e-02 2.08625445e-02]
[0.         0.00665845 0.00708588 0.03142649]
[0. 0. 0. 0.]
[8.08722447e-19 3.46746736e-03 2.01245828e-02 4.32289896e-02]
[1.78225895e-18 1.84807047e-03 4.41208164e-03 9.45767884e-03]
[0. 0. 0. 0.]
[0. 0. 0. 0.]
[0. 0. 0. 0.]
[5.47141727e-19 1.36312598e-02 8.23258270e-02 6.44125341e-02]
[1.63551298e-18 2.31252925e-03 2.68141169e-02 2.67727392e-02]
[0. 0. 0. 0.]
[0. 0. 0. 0.]
[0. 0. 0. 0.]
[2.15077036e-18 1.09817731e-02 7.58873334e-02 5.32398433e-02]
[4.33680869e-19 1.04527920e-03 1.74192153e-02 3.35483998e-03]
[3.46944695e-18 5.72402403e-03 1.41068250e-02 2.09039748e-02]
[8.17756489e-19 5.59182974e-03 4.88843464e-02 3.30651299e-02]
[0. 0. 0. 0.]
[1.63551298e-18 6.86957103e-03 8.33776177e-03 1.99018354e-02]
[0. 0. 0. 0.]
[1.08179015e-18 8.44886880e-03 1.36018906e-02 2.89748053e-02]
[0.         0.00236436 0.01932381 0.03296777]
[1.63551298e-18 3.35206179e-03 2.21773977e-02 1.56781219e-02]
[1.63551298e-18 5.10744534e-03 3.60721739e-02 2.01375683e-02]
[5.89692590e-18 5.26584016e-03 9.83229679e-02 5.50007924e-02]
[4.90653893e-18 1.47330982e-03 4.02764416e-03 5.96472034e-03]
[1.73472348e-18 7.50496984e-04 1.75338984e-02 1.07748657e-02]
[0. 0. 0. 0.]
[0. 0. 0. 0.]
[0. 0. 0. 0.]
[1.73472348e-18 7.69974664e-04 1.22392401e-02 9.42884246e-03]
[8.67361738e-19 1.43413618e-03 9.58692655e-03 6.82734698e-03]
[3.46944695e-18 1.48244575e-03 1.06181391e-02 1.34393745e-02]
[2.53185106e-18 8.55345893e-03 4.78755071e-02 6.13526950e-02]
[0. 0. 0. 0.]
[0. 0. 0. 0.]
[0.         0.00165837 0.01254497 0.01009332]
[0. 0. 0. 0.]
[4.09528071e-18 2.13776816e-02 4.18406799e-02 8.49828517e-02]
[3.46944695e-18 2.46989354e-03 7.03376345e-03 1.19244866e-02]
[5.13138124e-18 4.26484111e-03 3.49635147e-02 3.14598205e-02]
[0. 0. 0. 0.]
[0. 0. 0. 0.]
[3.00462920e-18 2.46872649e-03 5.66914557e-02 4.24511903e-02]
[0. 0. 0. 0.]
[0.         0.00427219 0.00903632 0.03145449]
[0. 0. 0. 0.]
[4.26160981e-18 1.16451889e-02 3.85121490e-02 5.63533505e-02]
[0. 0. 0. 0.]
[4.04207801e-18 2.34381421e-03 1.08401632e-01 7.67121118e-02]
[2.58597308e-18 2.62017447e-04 1.32248533e-02 9.90102968e-03]
[2.00308613e-18 3.77798470e-03 2.66119444e-02 3.47324944e-02]
[0. 0. 0. 0.]
[0. 0. 0. 0.]
[8.67361738e-19 3.13330814e-03 1.19817723e-02 1.18027218e-02]
[1.63551298e-18 1.01443923e-03 1.63386781e-02 1.26883929e-02]
[2.46159978e-18 6.88932353e-03 8.52149200e-02 6.02683665e-02]
[2.60208521e-18 7.66709447e-04 5.99407405e-03 6.26868010e-03]
[0. 0. 0. 0.]
[0.         0.00246758 0.00762476 0.01293231]
[5.19259273e-18 4.31445136e-03 1.39031357e-02 1.80099150e-02]
[0. 0. 0. 0.]
[1.81923184e-18 1.05554557e-02 3.38828950e-02 5.84464505e-02]
[1.97834225e-18 1.23529090e-02 5.66794138e-02 7.40204241e-02]
[3.58728241e-18 5.21714261e-03 7.31582523e-02 7.27954873e-02]
[1.81954966e-18 3.69605885e-03 7.94304443e-03 4.17019289e-02]
[0. 0. 0. 0.]
[8.17756489e-19 2.60749466e-03 2.93413819e-02 2.33986351e-02]
[0. 0. 0. 0.]
[0. 0. 0. 0.]
[1.73472348e-18 1.06871128e-04 7.97096593e-03 5.92043623e-03]
[2.12459368e-18 6.18926234e-03 2.01860118e-02 3.24422466e-02]
[2.54951242e-18 2.90838472e-03 1.16881604e-02 1.76920699e-02]
[2.94846295e-18 7.85654324e-03 1.91212956e-02 4.02191113e-02]
[3.46944695e-18 1.11687183e-03 1.54143199e-03 8.36160593e-03]
[0. 0. 0. 0.]
[0. 0. 0. 0.]
[3.46944695e-18 9.12040472e-04 1.57851726e-03 2.72290781e-02]
[3.05976461e-18 5.07324664e-03 3.11911173e-02 5.03833931e-02]
[3.87895961e-18 5.61421624e-03 5.17515030e-02 4.51369930e-02]
[2.24820874e-18 3.80971291e-03 5.99848765e-02 5.84918069e-02]
[0. 0. 0. 0.]
[0. 0. 0. 0.]
[7.77167848e-18 1.75587620e-03 1.96042041e-02 2.13956930e-02]
[7.49486202e-18 3.47276911e-03 1.27566654e-02 2.23595197e-02]
[1.97716530e-18 2.57660904e-03 4.07889422e-02 3.09368941e-02]
[0. 0. 0. 0.]
[1.52765053e-18 5.29076725e-03 5.24720323e-02 5.37785926e-02]
[0. 0. 0. 0.]
[2.60208521e-18 7.20867461e-03 1.15584205e-02 2.76106669e-02]
[0. 0. 0. 0.]
[0. 0. 0. 0.]
[1.73472348e-18 4.39413445e-03 6.29435250e-03 2.56433128e-02]
[0. 0. 0. 0.]
[8.67361738e-19 6.76566735e-04 1.47344228e-02 1.76809654e-02]
[0. 0. 0. 0.]
[0. 0. 0. 0.]
[8.67361738e-18 2.62878463e-03 8.24186951e-03 1.49653479e-02]
[0. 0. 0. 0.]
[0. 0. 0. 0.]
[0. 0. 0. 0.]
[1.50231460e-18 1.69503497e-03 3.26666104e-03 6.02454468e-03]
[5.48567729e-18 1.41804093e-03 2.19165049e-03 7.74516542e-03]
[3.46944695e-18 6.02547452e-03 6.17221743e-03 3.06991227e-02]
[0. 0. 0. 0.]
[0. 0. 0. 0.]
[0. 0. 0. 0.]
[0. 0. 0. 0.]
[3.44223518e-18 8.59806745e-03 1.29205097e-02 3.22469238e-02]
[6.10682463e-19 1.81795116e-03 5.25572168e-02 4.88805399e-02]
[1.18935405e-18 6.10080305e-03 4.25721918e-02 5.34733891e-02]
[1.66000692e-18 4.59512500e-04 3.90299351e-03 1.11484710e-02]
[4.50694380e-18 1.13476929e-03 2.93859000e-03 7.54953396e-03]
[0. 0. 0. 0.]
[4.60964004e-18 2.48624000e-03 2.02375752e-02 2.49714411e-02]
[0.         0.00165223 0.00523476 0.00763094]
[8.67361738e-19 2.67922133e-03 1.09551847e-02 1.08731091e-02]
[4.83341744e-18 1.49387952e-02 3.78949434e-02 7.21460985e-02]
[4.31885081e-19 4.54193239e-04 1.62813391e-03 4.28127682e-03]
[0. 0. 0. 0.]
[2.01738015e-18 1.53813460e-03 2.22392558e-02 1.62438335e-02]
[1.03438923e-18 2.77208869e-03 2.61864447e-02 4.25293910e-02]
[0. 0. 0. 0.]
[0. 0. 0. 0.]
[0. 0. 0. 0.]
[9.48676901e-20 2.24257633e-03 3.82050453e-03 5.16407564e-03]
[0. 0. 0. 0.]
[0. 0. 0. 0.]
[4.39188794e-18 6.10285682e-03 6.93688081e-02 6.64914008e-02]
[0.         0.00100651 0.00511229 0.00517021]
[5.13138124e-18 1.14210314e-03 3.13350477e-03 1.65006294e-02]
[0. 0. 0. 0.]
[0. 0. 0. 0.]
[3.88500432e-18 9.69791786e-03 2.84901135e-02 5.24656002e-02]
[1.43835672e-18 2.32153754e-03 4.98588202e-03 1.32591448e-02]
[3.06224485e-18 5.25131011e-03 1.41200265e-01 6.81220095e-02]
[3.54098947e-19 1.41983403e-03 3.92260352e-03 9.79096164e-03]
[8.67361738e-19 3.06974165e-03 6.28650375e-03 1.16727501e-02]
[0. 0. 0. 0.]
[0. 0. 0. 0.]
[8.91129474e-19 6.61083458e-04 4.03759732e-03 8.38865758e-03]
[2.04439122e-19 2.17922783e-03 4.06347503e-03 1.22192887e-02]
[5.66558315e-18 2.54457917e-03 2.71446038e-02 3.95123855e-02]
[1.73472348e-18 3.96381691e-03 1.59164034e-02 3.12407240e-02]
[4.50694380e-18 7.33473342e-04 6.58973074e-03 6.45187844e-03]
[2.45326947e-18 4.50076020e-03 3.39479673e-02 3.77375213e-02]
[2.97316624e-18 2.02695241e-03 7.89216928e-02 5.30374547e-02]
[0. 0. 0. 0.]
[0. 0. 0. 0.]
[1.75379332e-18 3.26982977e-03 6.71950364e-02 3.74351195e-02]
[1.47953767e-18 4.72730622e-03 1.04446050e-01 6.46502298e-02]
[0. 0. 0. 0.]
[1.30627223e-18 3.72674120e-03 7.13329450e-02 5.89832570e-02]
[8.67361738e-19 7.17088580e-04 1.58927590e-03 3.39990854e-03]
[0. 0. 0. 0.]
[0. 0. 0. 0.]
[3.00304191e-18 4.11116821e-03 1.57716981e-02 3.13817688e-02]
[3.04184710e-18 7.18022757e-03 6.75062967e-02 5.68627892e-02]
[1.89037108e-18 3.28380205e-03 8.89895047e-03 1.84252289e-02]
[2.77066030e-18 1.28493018e-02 7.98587156e-02 7.69939875e-02]
[1.73472348e-18 7.31643289e-04 4.13759798e-03 5.36612421e-03]
[0.         0.00297913 0.0252814  0.02941799]
[2.20069006e-18 3.29726078e-03 4.48874645e-02 2.69765812e-02]
[0. 0. 0. 0.]
[2.15619038e-18 4.20260289e-03 7.64272175e-02 5.26272766e-02]
[3.98343815e-18 5.67446323e-03 2.20218673e-02 3.79153010e-02]
[5.13138124e-18 8.82032083e-04 1.51445179e-02 9.12852495e-03]
[6.93889390e-18 1.83409452e-04 3.91940773e-03 2.32025981e-03]
[4.90653893e-18 8.53857139e-03 2.16807948e-02 3.29231538e-02]
[4.43420484e-18 9.14190940e-03 2.67286038e-02 4.56533263e-02]
[1.99479174e-18 2.03967813e-03 1.37186233e-02 1.34053182e-02]
[2.54951242e-18 3.25247659e-03 1.01901900e-02 2.12218572e-02]
[0. 0. 0. 0.]
[0. 0. 0. 0.]
[0. 0. 0. 0.]
[0. 0. 0. 0.]
[8.67361738e-19 1.57462619e-03 5.06112352e-04 4.99349460e-03]
[3.23246635e-19 1.48107442e-04 4.82111450e-03 5.88759290e-03]
[0. 0. 0. 0.]
[2.81968324e-18 4.41709452e-03 8.42756835e-02 9.70189963e-02]
[1.06229684e-18 2.91218835e-03 5.78375743e-02 6.18883238e-02]
[0. 0. 0. 0.]
[3.08452049e-19 9.34013264e-03 6.42807658e-02 4.88675556e-02]
[0. 0. 0. 0.]
[0. 0. 0. 0.]
[0. 0. 0. 0.]
[0. 0. 0. 0.]
[8.67361738e-19 4.19792160e-03 1.13668032e-02 1.99829191e-02]
[0. 0. 0. 0.]
[0.         0.00469898 0.00726632 0.01574958]
[0. 0. 0. 0.]
[0. 0. 0. 0.]
[1.63551298e-18 6.59163165e-03 5.09334584e-02 2.89976842e-02]
[2.48710926e-18 1.84624225e-03 7.16602377e-02 4.77453136e-02]
[0. 0. 0. 0.]
[3.46944695e-18 2.47855857e-03 2.49314867e-02 2.14118138e-02]
[0. 0. 0. 0.]
[0. 0. 0. 0.]
[0. 0. 0. 0.]
[3.46944695e-18 2.32408196e-03 1.95551105e-03 4.76309098e-03]
[0. 0. 0. 0.]
[0. 0. 0. 0.]
[0. 0. 0. 0.]
[0. 0. 0. 0.]
[0.         0.00201976 0.00322822 0.00790435]
[0. 0. 0. 0.]
[4.33680869e-19 1.61804818e-03 9.43189114e-03 1.63429081e-02]
[9.24755179e-19 1.48948772e-02 1.31516887e-02 5.35259462e-02]
[0. 0. 0. 0.]
[0. 0. 0. 0.]
[4.70200911e-18 1.13007529e-02 3.02484847e-02 6.80042352e-02]
[1.50231460e-18 7.54311745e-03 7.69248565e-02 4.41340316e-02]
[0. 0. 0. 0.]
[0. 0. 0. 0.]
[0. 0. 0. 0.]
[3.46944695e-18 1.15105137e-03 1.35187730e-02 1.12140328e-02]
[0. 0. 0. 0.]
[0. 0. 0. 0.]
[0. 0. 0. 0.]
[1.60604186e-18 1.51978009e-02 7.94739966e-02 5.72117370e-02]
[0. 0. 0. 0.]
[0. 0. 0. 0.]
[0. 0. 0. 0.]
[0. 0. 0. 0.]
[0.         0.00208023 0.01991817 0.02426401]
[0. 0. 0. 0.]
[0. 0. 0. 0.]
[0. 0. 0. 0.]
[0.         0.00174326 0.0053918  0.01371171]
[3.46944695e-18 1.50455162e-03 6.35656714e-03 1.42880976e-02]
[2.16358030e-18 4.66509463e-03 6.72867746e-03 1.32100379e-02]
[1.41639579e-18 6.60663031e-03 3.53066059e-02 2.71545213e-02]
[4.04603566e-18 2.16433542e-03 1.95939070e-02 2.78831671e-02]
[0. 0. 0. 0.]
[0. 0. 0. 0.]
[0. 0. 0. 0.]
[0. 0. 0. 0.]
[2.04439122e-19 1.86777271e-04 3.58201877e-02 1.45420360e-02]
[5.20417043e-18 4.72851098e-04 2.21833587e-02 7.08320737e-03]
[0. 0. 0. 0.]
[3.78074216e-18 2.04829190e-03 1.13334709e-02 8.14126867e-03]
[3.27102596e-18 2.54996648e-03 4.61194726e-02 3.50334174e-02]
[2.62805301e-18 1.55961270e-02 8.63555097e-02 6.37709163e-02]
[2.98411954e-18 7.55133159e-03 5.86956417e-02 5.03964491e-02]
[7.49486202e-18 1.81747217e-03 5.22763485e-02 1.59931748e-02]
[0. 0. 0. 0.]
[0. 0. 0. 0.]
[8.17756489e-19 6.98971414e-03 1.52331592e-02 2.72970843e-02]
[0. 0. 0. 0.]
[4.50694380e-18 4.55150620e-03 9.77768009e-02 3.54090911e-02]
[8.17756489e-19 3.36284232e-03 8.03975364e-02 3.99940389e-02]
[0. 0. 0. 0.]
[0. 0. 0. 0.]
[2.19427092e-18 6.98132691e-03 6.71800392e-02 4.27579597e-02]
[5.05037948e-18 3.55620862e-03 2.18637682e-02 4.10937829e-02]
[4.50694380e-18 1.92215609e-03 1.87215528e-02 1.87712453e-02]
[0. 0. 0. 0.]
[8.67361738e-19 1.28112733e-05 4.23309579e-03 4.39853221e-03]
[0.         0.00145891 0.0063966  0.01720181]
[2.16358030e-18 4.38058044e-03 3.96331730e-02 3.08584276e-02]
[0. 0. 0. 0.]
[0. 0. 0. 0.]
[2.45326947e-18 7.07432373e-03 1.03659313e-02 3.15912724e-02]
[5.20417043e-19 7.87394916e-03 9.07802056e-03 3.96054284e-02]
[0. 0. 0. 0.]
[2.60208521e-18 3.20806541e-03 5.54524288e-02 5.22158463e-02]
[0. 0. 0. 0.]
[8.67361738e-19 2.69683078e-03 1.00002624e-02 1.79510489e-02]
[0. 0. 0. 0.]
[0. 0. 0. 0.]
[0. 0. 0. 0.]
[3.00462920e-18 8.18900915e-03 8.58889804e-02 3.51540973e-02]
[7.15523125e-19 6.34865992e-03 1.30261881e-02 2.81042439e-02]
[0. 0. 0. 0.]
[0. 0. 0. 0.]
[3.27102596e-18 2.59888356e-03 3.92019393e-02 1.57425082e-02]
[0. 0. 0. 0.]
[0. 0. 0. 0.]
[0. 0. 0. 0.]
[0. 0. 0. 0.]
[1.43835672e-18 5.46978985e-03 1.63785759e-02 2.78882911e-02]
[0.         0.00112172 0.01328429 0.00612716]
[0. 0. 0. 0.]
[0. 0. 0. 0.]
[0. 0. 0. 0.]
[1.16548232e-18 4.19382500e-03 3.34008450e-02 2.49715928e-02]
[1.01150891e-18 4.87228374e-03 6.92274884e-02 5.47964701e-02]
[1.73472348e-18 6.27687784e-03 7.86615483e-03 3.15229566e-02]
[0. 0. 0. 0.]
[0. 0. 0. 0.]
[0. 0. 0. 0.]
[2.86852932e-18 4.28783401e-03 9.71388706e-03 1.96773518e-02]
[0. 0. 0. 0.]
[0. 0. 0. 0.]
[1.73472348e-18 4.47172672e-04 2.49145180e-03 8.54963064e-03]
[0. 0. 0. 0.]
[0. 0. 0. 0.]
[0. 0. 0. 0.]
[0. 0. 0. 0.]
[0. 0. 0. 0.]
[0. 0. 0. 0.]
[0. 0. 0. 0.]
[0. 0. 0. 0.]
[0. 0. 0. 0.]
[8.67361738e-19 6.49154186e-04 1.00441985e-02 1.25069767e-02]
[0. 0. 0. 0.]
[0. 0. 0. 0.]
[0. 0. 0. 0.]
[0. 0. 0. 0.]
[2.76808317e-18 5.87935690e-03 6.69816320e-03 3.06807865e-02]
[2.24301490e-18 9.74037817e-04 2.02436771e-02 1.56468805e-02]
[1.60813170e-18 3.37775919e-03 2.04123632e-02 2.36454078e-02]
[8.17756489e-19 8.78873737e-04 4.08782465e-03 6.79927120e-03]
[0. 0. 0. 0.]
[0. 0. 0. 0.]
[0. 0. 0. 0.]
[0. 0. 0. 0.]
[0. 0. 0. 0.]
[1.48783356e-18 5.94395552e-03 5.17362169e-02 6.13827353e-02]
[0. 0. 0. 0.]
[0. 0. 0. 0.]
[3.90810193e-18 1.47604521e-02 9.84755770e-02 8.83966231e-02]
[8.94256168e-18 6.32482943e-03 1.06993705e-02 4.07776660e-02]
[2.95264259e-18 1.30673018e-02 3.96839159e-02 6.73254896e-02]
[0.         0.0003412  0.01336517 0.00559876]
[0. 0. 0. 0.]
[0. 0. 0. 0.]
[4.47533354e-18 4.18771999e-03 5.18536966e-02 5.94663997e-02]
[1.63551298e-18 1.50687354e-04 9.53177113e-03 7.76921335e-03]
[0. 0. 0. 0.]
[0. 0. 0. 0.]
[5.17194615e-18 2.93610647e-03 9.69284626e-04 1.62779797e-02]
[2.58597308e-18 1.82230186e-03 1.05490594e-02 2.47720942e-02]
[5.20417043e-18 1.29893175e-03 3.89113399e-03 5.89848892e-03]
[3.52713364e-18 4.88587102e-03 2.01225178e-02 2.65738180e-02]
[1.73472348e-18 1.90783665e-03 1.03371218e-02 8.36422294e-03]
[4.24918736e-18 1.81941801e-03 5.92043104e-03 8.88415512e-03]
[0. 0. 0. 0.]
[0. 0. 0. 0.]
[6.66233193e-18 1.83883457e-03 6.57272238e-03 1.19927635e-02]
[8.67361738e-19 6.31030649e-04 3.80362943e-03 5.36509044e-03]
[3.74073318e-18 1.26452441e-02 3.32188707e-02 4.72791698e-02]
[0. 0. 0. 0.]
[1.14863544e-18 1.04727354e-02 3.68188963e-02 5.46505482e-02]
[1.56733637e-18 5.26839785e-04 1.31791669e-02 1.32714512e-02]
[8.17756489e-19 2.63122859e-04 7.59910997e-03 1.19362083e-02]
[0. 0. 0. 0.]
[0. 0. 0. 0.]
[0. 0. 0. 0.]
[2.56032791e-18 4.39009274e-03 4.07640421e-02 4.76461827e-02]
[0. 0. 0. 0.]
[0. 0. 0. 0.]
[1.63551298e-18 2.44353194e-03 1.02905166e-02 2.01384494e-02]
[2.90328871e-18 1.28353868e-02 2.65871814e-02 5.49016323e-02]
[0. 0. 0. 0.]
[0. 0. 0. 0.]
[1.45281293e-18 3.33134691e-03 1.82411681e-02 3.44983466e-02]
[1.32491694e-18 6.68454625e-03 2.70555416e-02 2.23557935e-02]
[1.63551298e-18 2.30208416e-03 8.78210664e-03 1.66618031e-02]
[1.63551298e-18 3.51954515e-03 4.60842851e-02 2.67777721e-02]
[1.08420217e-19 2.62567773e-03 4.09085397e-03 9.47458297e-03]
[0. 0. 0. 0.]
[0. 0. 0. 0.]
[0. 0. 0. 0.]
[6.46493269e-19 4.12572521e-04 2.11865141e-02 1.77174103e-02]
[0. 0. 0. 0.]
[5.20417043e-18 2.64644623e-04 6.90506026e-03 4.41855937e-03]
[1.29298654e-18 3.29729259e-05 1.06766973e-02 1.08549954e-02]
[3.11392394e-18 4.36718791e-03 8.58611315e-03 2.59767676e-02]
[4.32716061e-18 3.43235690e-03 2.57701281e-02 3.07133696e-02]
[2.93875569e-19 9.14112909e-03 5.88968603e-02 4.35729978e-02]
[0. 0. 0. 0.]
[0. 0. 0. 0.]
[3.71721571e-18 9.42424577e-03 1.14110415e-02 4.72560211e-02]
[0. 0. 0. 0.]
[3.56451790e-18 5.66700723e-03 7.26672343e-03 1.88462429e-02]
[0.         0.00109085 0.00743947 0.0223335 ]
[0. 0. 0. 0.]
[9.92740884e-18 6.13687912e-03 8.86907183e-03 2.85970481e-02]
[8.17756489e-19 3.89768787e-03 6.74028909e-03 1.56180969e-02]
[1.73472348e-18 2.52514891e-03 6.12300169e-03 1.33456886e-02]
[3.46944695e-18 2.54578143e-03 3.06892432e-02 2.71984786e-02]
[4.32716061e-18 5.01455189e-03 4.05663571e-02 1.52934011e-02]
[0. 0. 0. 0.]
[0. 0. 0. 0.]
[0. 0. 0. 0.]
[5.48567729e-18 3.56183843e-03 2.86774354e-03 3.63012896e-02]
[3.11392394e-18 3.38331498e-03 9.15220250e-02 4.80785850e-02]
[0. 0. 0. 0.]
[4.98697936e-18 6.70399834e-03 7.66016382e-02 3.51417543e-02]
[2.83279157e-18 6.12443806e-04 1.35966420e-03 2.34111399e-03]
[3.46944695e-18 4.40251082e-04 1.67248398e-03 5.88396937e-03]
[5.20417043e-18 2.82076374e-03 2.16637067e-02 1.02401376e-02]
[1.73472348e-18 4.20553610e-03 7.56980069e-02 4.64643016e-02]
[4.16333634e-18 1.03657910e-03 4.52779687e-03 7.42584436e-03]
[0. 0. 0. 0.]
[0.         0.00235929 0.0116516  0.0075828 ]
[3.27102596e-18 3.57767041e-03 3.95190305e-02 3.10500243e-02]
[0.         0.00043356 0.01178329 0.02364737]
[0. 0. 0. 0.]
[1.63551298e-18 2.74108547e-03 1.61693639e-02 1.04745513e-02]
[1.43835672e-18 2.87573117e-03 2.62727776e-02 1.20735366e-02]
[2.16840434e-19 3.09481637e-03 1.05821865e-02 2.26569813e-02]
[1.78703841e-18 2.86366925e-03 2.42310495e-02 3.59775285e-02]
[6.77626358e-20 2.81218626e-03 8.75568204e-03 1.71583667e-02]
[3.27102596e-18 6.32747557e-03 3.85098675e-02 4.68462719e-02]
[0. 0. 0. 0.]
[0. 0. 0. 0.]
[0. 0. 0. 0.]
[0. 0. 0. 0.]
[0. 0. 0. 0.]
[1.73472348e-18 3.81282717e-03 7.15748966e-03 1.36965439e-02]
[4.38854184e-18 8.34669079e-03 1.12196629e-01 5.82133969e-02]
[0. 0. 0. 0.]
[3.10316769e-18 1.60814682e-03 1.46604927e-02 3.61749630e-02]
[0. 0. 0. 0.]
[1.40930593e-18 2.00540668e-02 8.47266389e-02 7.99003647e-02]
[0. 0. 0. 0.]
[0.         0.00247804 0.07444522 0.03024761]
[0. 0. 0. 0.]
[4.11818464e-19 9.46000126e-03 1.58524291e-02 3.48517387e-02]
[3.80058872e-18 7.10212000e-03 5.03785212e-02 2.65412589e-02]
[0. 0. 0. 0.]
[8.17756489e-19 4.94356832e-03 1.24767836e-02 2.66255925e-02]
[9.96522768e-18 4.03958623e-03 1.65550267e-02 4.84571932e-02]
[3.27102596e-18 5.12198315e-03 4.40773662e-03 3.04472528e-02]
[1.63551298e-18 1.69852502e-03 2.77547183e-03 5.32325233e-03]
[0. 0. 0. 0.]
[0. 0. 0. 0.]
[0. 0. 0. 0.]
[0. 0. 0. 0.]
[0. 0. 0. 0.]
[4.96370442e-18 9.45651451e-03 3.46969771e-02 4.91032921e-02]
[1.88421579e-18 6.27768745e-03 2.07506627e-02 2.76756305e-02]
[0.         0.00430345 0.0074582  0.01488268]
[2.88193908e-18 6.94514299e-03 5.04835021e-02 3.03444406e-02]
[0. 0. 0. 0.]
[7.61531141e-19 8.61253826e-03 7.58118988e-02 5.97372663e-02]
[8.67361738e-19 2.18023732e-03 7.45190633e-03 1.34950913e-02]
[8.67361738e-19 2.39942037e-03 2.03478895e-03 1.42403394e-02]
[0. 0. 0. 0.]
[7.31188126e-19 6.27339438e-03 7.54573720e-02 5.45903316e-02]
[1.38338679e-18 1.29476092e-02 9.27008019e-02 7.19414130e-02]
[2.45326947e-18 7.66462246e-04 3.66734482e-02 3.54825588e-02]
[0. 0. 0. 0.]
[1.35416808e-18 9.95198167e-03 1.50475870e-02 3.08686285e-02]
[0. 0. 0. 0.]
[5.20417043e-18 3.59466299e-03 5.34043089e-03 1.94171406e-02]
[3.46944695e-18 4.62920964e-03 2.87931189e-02 1.33558400e-02]
[0. 0. 0. 0.]
[0. 0. 0. 0.]
[0. 0. 0. 0.]
[1.08179015e-18 4.34184704e-03 1.45784591e-02 1.57190569e-02]
[1.08420217e-18 6.08027447e-04 3.13866241e-02 3.81368026e-02]
[0. 0. 0. 0.]
[0. 0. 0. 0.]
[0. 0. 0. 0.]
[9.08429972e-19 5.21119541e-03 6.08571728e-02 3.92244028e-02]
[0. 0. 0. 0.]
[0. 0. 0. 0.]
[5.13231618e-19 5.45338279e-03 2.90706710e-02 2.31820721e-02]
[1.60813170e-18 5.92749133e-03 2.67774094e-02 5.31212149e-02]
[8.67361738e-19 3.34212184e-03 1.87039655e-02 2.51989141e-02]
[8.17756489e-19 1.47515005e-03 8.37807395e-03 3.98847441e-02]
[1.50127504e-18 1.23065338e-02 1.04891750e-01 8.47346146e-02]
[8.67361738e-19 2.32155621e-03 7.55413808e-03 1.42856166e-02]
[0. 0. 0. 0.]
[7.83668185e-19 6.11984707e-03 7.24184268e-02 4.33993147e-02]
[4.08878244e-19 6.73784545e-03 8.98048628e-03 2.82371873e-02]
[0. 0. 0. 0.]
[0. 0. 0. 0.]
[5.42101086e-20 2.39413232e-04 5.59825450e-04 9.54471529e-04]
[0. 0. 0. 0.]
[0. 0. 0. 0.]
[1.73472348e-18 5.18318266e-04 1.72397122e-03 3.54532897e-03]
[2.29245865e-18 6.80564153e-03 9.31149774e-02 5.11236161e-02]
[0. 0. 0. 0.]
[0. 0. 0. 0.]
[0. 0. 0. 0.]
[0. 0. 0. 0.]
[0.         0.00144093 0.00630229 0.01070973]
[0. 0. 0. 0.]
[3.46944695e-18 5.45100875e-03 2.64407953e-02 2.80556254e-02]
[0.         0.00014288 0.0008995  0.00098694]
[0. 0. 0. 0.]
[2.87671344e-18 2.55744465e-03 2.20055574e-02 2.49409070e-02]
[0. 0. 0. 0.]
[0. 0. 0. 0.]
